#Time         gpu    pwr  gtemp  mtemp     sm    mem    enc    dec    jpg    ofa   mclk   pclk 
#HH:MM:SS     Idx      W      C      C      %      %      %      %      %      %    MHz    MHz 
 19:47:44       0     67     32      -      9      5      0      0      0      0  13801   2475 
 19:47:45       0    137     32      -      1      0      0      0      0      0  13801   2947 
 19:47:46       0     83     31      -      1      0      0      0      0      0  13801   2827 
 19:47:47       0    229     39      -     90     78      0      0      0      0  13801   2902 
 19:47:48       0    469     41      -     92     79      0      0      0      0  13801   2910 
 19:47:49       0    469     41      -     87     75      0      0      0      0  13801   2910 
 19:47:50       0    470     43      -     91     80      0      0      0      0  13801   2910 
 19:47:51       0    476     43      -     91     80      0      0      0      0  13801   2910 
 19:47:52       0    477     44      -     91     80      0      0      0      0  13801   2910 
 19:47:53       0    476     44      -     92     80      0      0      0      0  13801   2895 
 19:47:54       0    475     44      -     91     79      0      0      0      0  13801   2895 
 19:47:55       0    477     45      -     91     80      0      0      0      0  13801   2895 
 19:47:56       0    478     45      -     91     79      0      0      0      0  13801   2895 
 19:47:57       0    478     46      -     92     80      0      0      0      0  13801   2895 
 19:47:58       0    476     46      -     92     80      0      0      0      0  13801   2895 
 19:47:59       0    478     46      -     91     79      0      0      0      0  13801   2895 
 19:48:00       0    477     47      -     92     80      0      0      0      0  13801   2895 
 19:48:01       0    480     47      -     91     80      0      0      0      0  13801   2895 
 19:48:02       0    480     47      -     91     79      0      0      0      0  13801   2895 
 19:48:03       0    479     48      -     93     81      0      0      0      0  13801   2895 
 19:48:04       0    480     48      -     92     80      0      0      0      0  13801   2895 
 19:48:05       0    480     48      -     92     80      0      0      0      0  13801   2895 
 19:48:06       0    480     48      -     92     81      0      0      0      0  13801   2895 
 19:48:07       0    480     49      -     92     81      0      0      0      0  13801   2895 
 19:48:08       0    480     49      -     93     81      0      0      0      0  13801   2895 
 19:48:09       0    482     50      -     91     80      0      0      0      0  13801   2895 
 19:48:10       0    484     50      -     92     81      0      0      0      0  13801   2895 
 19:48:11       0    483     50      -     91     80      0      0      0      0  13801   2895 
 19:48:12       0    482     51      -     90     79      0      0      0      0  13801   2895 
 19:48:13       0    479     51      -     91     80      0      0      0      0  13801   2895 
 19:48:14       0    484     51      -     92     80      0      0      0      0  13801   2895 
 19:48:15       0    482     51      -     89     77      0      0      0      0  13801   2895 
 19:48:17       0    482     52      -     91     79      0      0      0      0  13801   2895 
 19:48:18       0    483     52      -     91     80      0      0      0      0  13801   2895 
 19:48:19       0    483     52      -     90     79      0      0      0      0  13801   2895 
 19:48:20       0    485     53      -     91     80      0      0      0      0  13801   2895 
 19:48:21       0    482     53      -     91     79      0      0      0      0  13801   2895 
 19:48:22       0    288     46      -      1      0      0      0      0      0  13801   2925 
 19:48:23       0     89     45      -      1      0      0      0      0      0  13801   2925 
 19:48:24       0    145     51      -     92     79      0      0      0      0  13801   2182 
 19:48:25       0    483     52      -     91     78      0      0      0      0  13801   2895 
 19:48:26       0    483     53      -     91     78      0      0      0      0  13801   2895 
 19:48:27       0    486     53      -     92     82      0      0      0      0  13801   2887 
 19:48:28       0    487     54      -     91     80      0      0      0      0  13801   2887 
#Time         gpu    pwr  gtemp  mtemp     sm    mem    enc    dec    jpg    ofa   mclk   pclk 
#HH:MM:SS     Idx      W      C      C      %      %      %      %      %      %    MHz    MHz 
 19:48:29       0    487     54      -     92     80      0      0      0      0  13801   2887 
 19:48:30       0    486     54      -     91     79      0      0      0      0  13801   2887 
 19:48:31       0    488     54      -     92     80      0      0      0      0  13801   2887 
 19:48:32       0    490     55      -     92     80      0      0      0      0  13801   2887 
 19:48:33       0    491     55      -     92     80      0      0      0      0  13801   2887 
 19:48:34       0    492     55      -     91     81      0      0      0      0  13801   2887 
 19:48:35       0    487     56      -     91     80      0      0      0      0  13801   2887 
 19:48:36       0    492     56      -     92     81      0      0      0      0  13801   2887 
 19:48:37       0    495     56      -     92     80      0      0      0      0  13801   2887 
 19:48:38       0    491     56      -     92     80      0      0      0      0  13801   2887 
 19:48:39       0    487     56      -     90     79      0      0      0      0  13801   2887 
 19:48:40       0    488     56      -     92     80      0      0      0      0  13801   2887 
 19:48:41       0    491     57      -     91     79      0      0      0      0  13801   2887 
 19:48:42       0    491     57      -     92     80      0      0      0      0  13801   2887 
 19:48:43       0    491     57      -     93     81      0      0      0      0  13801   2887 
 19:48:44       0    492     57      -     92     81      0      0      0      0  13801   2887 
 19:48:45       0    495     58      -     92     81      0      0      0      0  13801   2887 
 19:48:46       0    498     58      -     91     81      0      0      0      0  13801   2887 
 19:48:47       0    498     59      -     93     81      0      0      0      0  13801   2887 
 19:48:48       0    493     59      -     92     81      0      0      0      0  13801   2887 
 19:48:49       0    495     59      -     92     81      0      0      0      0  13801   2887 
 19:48:50       0    497     59      -     90     79      0      0      0      0  13801   2887 
 19:48:51       0    496     59      -     92     80      0      0      0      0  13801   2887 
 19:48:52       0    493     60      -     91     81      0      0      0      0  13801   2887 
 19:48:53       0    495     60      -     92     81      0      0      0      0  13801   2887 
 19:48:54       0    497     60      -     92     81      0      0      0      0  13801   2887 
 19:48:55       0    499     60      -     92     81      0      0      0      0  13801   2887 
 19:48:56       0    495     59      -     89     77      0      0      0      0  13801   2887 
 19:48:57       0    497     61      -     93     81      0      0      0      0  13801   2887 
 19:48:58       0    148     53      -      0      0      0      0      0      0  13801   2917 
 19:48:59       0     97     52      -      1      0      0      0      0      0  13801   2917 
 19:49:00       0    309     59      -     90     78      0      0      0      0  13801   2887 
 19:49:01       0    492     60      -     91     78      0      0      0      0  13801   2887 
 19:49:02       0    495     61      -     90     79      0      0      0      0  13801   2887 
 19:49:03       0    495     61      -     90     79      0      0      0      0  13801   2887 
 19:49:04       0    498     61      -     92     79      0      0      0      0  13801   2887 
 19:49:05       0    498     61      -     91     78      0      0      0      0  13801   2887 
 19:49:06       0    499     61      -     91     78      0      0      0      0  13801   2887 
 19:49:07       0    496     62      -     92     79      0      0      0      0  13801   2887 
 19:49:08       0    498     62      -     90     77      0      0      0      0  13801   2887 
 19:49:09       0    499     62      -     91     79      0      0      0      0  13801   2887 
 19:49:10       0    502     62      -     89     78      0      0      0      0  13801   2887 
 19:49:11       0    500     62      -     93     80      0      0      0      0  13801   2887 
 19:49:12       0    505     62      -     91     79      0      0      0      0  13801   2872 
#Time         gpu    pwr  gtemp  mtemp     sm    mem    enc    dec    jpg    ofa   mclk   pclk 
#HH:MM:SS     Idx      W      C      C      %      %      %      %      %      %    MHz    MHz 
 19:49:13       0    506     63      -     91     79      0      0      0      0  13801   2872 
 19:49:14       0    503     63      -     92     80      0      0      0      0  13801   2872 
 19:49:15       0    504     63      -     92     80      0      0      0      0  13801   2872 
 19:49:16       0    500     63      -     91     79      0      0      0      0  13801   2872 
 19:49:17       0    501     63      -     92     81      0      0      0      0  13801   2872 
 19:49:18       0    505     64      -     93     82      0      0      0      0  13801   2872 
 19:49:19       0    503     64      -     89     77      0      0      0      0  13801   2872 
 19:49:20       0    501     64      -     93     81      0      0      0      0  13801   2872 
 19:49:21       0    505     64      -     91     81      0      0      0      0  13801   2872 
 19:49:22       0    508     65      -     91     80      0      0      0      0  13801   2872 
 19:49:23       0    503     64      -     92     79      0      0      0      0  13801   2872 
 19:49:24       0    499     65      -     92     81      0      0      0      0  13801   2872 
 19:49:26       0    502     65      -     91     80      0      0      0      0  13801   2872 
 19:49:27       0    502     65      -     91     79      0      0      0      0  13801   2872 
 19:49:28       0    504     65      -     92     80      0      0      0      0  13801   2872 
 19:49:29       0    505     66      -     91     80      0      0      0      0  13801   2872 
 19:49:30       0    505     66      -     92     81      0      0      0      0  13801   2872 
 19:49:31       0    505     66      -     90     79      0      0      0      0  13801   2872 
 19:49:32       0    501     66      -     91     80      0      0      0      0  13801   2872 
 19:49:33       0    506     66      -     91     80      0      0      0      0  13801   2872 
 19:49:34       0    502     66      -     91     79      0      0      0      0  13801   2872 
 19:49:35       0    241     59      -      0      0      0      0      0      0  13801   2925 
 19:49:36       0    100     58      -      1      0      0      0      0      0  13801   2925 
 19:49:37       0    217     64      -     91     78      0      0      0      0  13801   2880 
 19:49:38       0    508     65      -     91     79      0      0      0      0  13801   2872 
 19:49:39       0    506     66      -     87     75      0      0      0      0  13801   2872 
 19:49:40       0    507     66      -     92     81      0      0      0      0  13801   2872 
 19:49:41       0    508     66      -     92     80      0      0      0      0  13801   2872 
 19:49:42       0    510     67      -     91     81      0      0      0      0  13801   2872 
 19:49:43       0    512     67      -     91     79      0      0      0      0  13801   2872 
 19:49:44       0    510     67      -     91     79      0      0      0      0  13801   2872 
 19:49:45       0    511     67      -     91     79      0      0      0      0  13801   2872 
 19:49:46       0    510     67      -     91     80      0      0      0      0  13801   2872 
 19:49:47       0    510     67      -     91     80      0      0      0      0  13801   2872 
 19:49:48       0    508     67      -     91     79      0      0      0      0  13801   2872 
 19:49:49       0    513     68      -     91     80      0      0      0      0  13801   2872 
 19:49:50       0    514     68      -     91     80      0      0      0      0  13801   2872 
 19:49:51       0    517     68      -     91     80      0      0      0      0  13801   2872 
 19:49:52       0    515     68      -     90     80      0      0      0      0  13801   2872 
 19:49:53       0    516     68      -     92     81      0      0      0      0  13801   2872 
 19:49:54       0    517     68      -     92     81      0      0      0      0  13801   2872 
 19:49:55       0    514     68      -     91     79      0      0      0      0  13801   2872 
 19:49:56       0    521     69      -     92     81      0      0      0      0  13801   2872 
 19:49:57       0    522     69      -     92     81      0      0      0      0  13801   2872 
#Time         gpu    pwr  gtemp  mtemp     sm    mem    enc    dec    jpg    ofa   mclk   pclk 
#HH:MM:SS     Idx      W      C      C      %      %      %      %      %      %    MHz    MHz 
 19:49:58       0    521     68      -     91     80      0      0      0      0  13801   2872 
 19:49:59       0    515     68      -     90     78      0      0      0      0  13801   2872 
 19:50:00       0    516     69      -     91     79      0      0      0      0  13801   2872 
 19:50:01       0    515     68      -     90     78      0      0      0      0  13801   2872 
 19:50:02       0    513     69      -     92     80      0      0      0      0  13801   2872 
 19:50:03       0    518     69      -     91     80      0      0      0      0  13801   2872 
 19:50:04       0    514     69      -     92     80      0      0      0      0  13801   2872 
 19:50:05       0    516     69      -     92     80      0      0      0      0  13801   2872 
 19:50:06       0    519     70      -     90     79      0      0      0      0  13801   2872 
 19:50:07       0    516     70      -     90     79      0      0      0      0  13801   2872 
 19:50:08       0    517     70      -     90     79      0      0      0      0  13801   2872 
 19:50:09       0    516     70      -     91     79      0      0      0      0  13801   2872 
 19:50:10       0    397     63      -      0      0      0      0      0      0  13801   2910 
 19:50:11       0    104     61      -      0      0      0      0      0      0  13801   2925 
 19:50:12       0     90     62      -     31     26      0      0      0      0  13801    705 
 19:50:13       0    486     68      -     91     80      0      0      0      0  13801   2872 
 19:50:14       0    520     68      -     91     79      0      0      0      0  13801   2872 
 19:50:15       0    518     69      -     90     79      0      0      0      0  13801   2872 
 19:50:16       0    521     69      -     91     80      0      0      0      0  13801   2872 
 19:50:17       0    518     69      -     91     79      0      0      0      0  13801   2872 
 19:50:18       0    516     69      -     91     79      0      0      0      0  13801   2872 
 19:50:19       0    517     70      -     92     81      0      0      0      0  13801   2872 
 19:50:20       0    519     69      -     92     81      0      0      0      0  13801   2872 
 19:50:21       0    518     70      -     90     79      0      0      0      0  13801   2872 
 19:50:22       0    516     70      -     92     81      0      0      0      0  13801   2872 
 19:50:23       0    517     70      -     91     80      0      0      0      0  13801   2872 
 19:50:24       0    519     70      -     91     81      0      0      0      0  13801   2872 
 19:50:25       0    520     70      -     91     80      0      0      0      0  13801   2872 
 19:50:26       0    518     70      -     91     79      0      0      0      0  13801   2872 
 19:50:27       0    518     70      -     90     79      0      0      0      0  13801   2872 
 19:50:28       0    517     70      -     91     80      0      0      0      0  13801   2872 
 19:50:29       0    517     70      -     92     80      0      0      0      0  13801   2872 
 19:50:30       0    523     70      -     91     80      0      0      0      0  13801   2872 
 19:50:31       0    519     70      -     92     80      0      0      0      0  13801   2872 
 19:50:32       0    518     70      -     93     81      0      0      0      0  13801   2872 
 19:50:34       0    518     70      -     92     80      0      0      0      0  13801   2872 
 19:50:35       0    518     70      -     89     78      0      0      0      0  13801   2872 
 19:50:36       0    518     70      -     92     81      0      0      0      0  13801   2872 
 19:50:37       0    518     70      -     91     80      0      0      0      0  13801   2872 
 19:50:38       0    517     70      -     93     81      0      0      0      0  13801   2872 
 19:50:39       0    515     71      -     91     79      0      0      0      0  13801   2872 
 19:50:40       0    515     70      -     89     78      0      0      0      0  13801   2872 
 19:50:41       0    514     71      -     91     79      0      0      0      0  13801   2872 
 19:50:42       0    513     71      -     92     80      0      0      0      0  13801   2872 
#Time         gpu    pwr  gtemp  mtemp     sm    mem    enc    dec    jpg    ofa   mclk   pclk 
#HH:MM:SS     Idx      W      C      C      %      %      %      %      %      %    MHz    MHz 
 19:50:43       0    517     71      -     92     79      0      0      0      0  13801   2872 
 19:50:44       0    517     71      -     91     79      0      0      0      0  13801   2872 
 19:50:45       0    516     71      -     92     80      0      0      0      0  13801   2872 
 19:50:46       0    516     70      -     92     79      0      0      0      0  13801   2872 
 19:50:47       0    338     64      -      0      0      0      0      0      0  13801   2910 
 19:50:48       0    105     62      -      0      0      0      0      0      0  13801   2910 
 19:50:49       0    131     68      -     91     78      0      0      0      0  13801   1740 
 19:50:50       0    512     70      -     92     79      0      0      0      0  13801   2872 
 19:50:51       0    515     70      -     90     78      0      0      0      0  13801   2872 
 19:50:52       0    515     70      -     92     80      0      0      0      0  13801   2872 
 19:50:53       0    517     70      -     92     80      0      0      0      0  13801   2872 
 19:50:54       0    517     70      -     91     79      0      0      0      0  13801   2872 
 19:50:55       0    517     70      -     92     80      0      0      0      0  13801   2872 
 19:50:56       0    518     70      -     92     80      0      0      0      0  13801   2872 
 19:50:57       0    518     71      -     91     80      0      0      0      0  13801   2872 
 19:50:58       0    518     71      -     91     80      0      0      0      0  13801   2872 
 19:50:59       0    519     70      -     91     79      0      0      0      0  13801   2872 
 19:51:00       0    519     71      -     93     81      0      0      0      0  13801   2872 
 19:51:01       0    517     71      -     92     80      0      0      0      0  13801   2872 
 19:51:02       0    521     71      -     93     81      0      0      0      0  13801   2872 
 19:51:03       0    521     71      -     92     81      0      0      0      0  13801   2872 
 19:51:04       0    522     71      -     92     81      0      0      0      0  13801   2872 
 19:51:05       0    516     71      -     92     80      0      0      0      0  13801   2872 
 19:51:06       0    517     71      -     92     80      0      0      0      0  13801   2872 
 19:51:07       0    519     71      -     92     80      0      0      0      0  13801   2872 
 19:51:08       0    519     71      -     91     80      0      0      0      0  13801   2872 
 19:51:09       0    516     71      -     91     79      0      0      0      0  13801   2872 
 19:51:10       0    515     71      -     92     80      0      0      0      0  13801   2872 
 19:51:11       0    517     71      -     91     79      0      0      0      0  13801   2872 
 19:51:12       0    518     71      -     92     80      0      0      0      0  13801   2872 
 19:51:13       0    515     70      -     92     80      0      0      0      0  13801   2872 
 19:51:14       0    518     71      -     92     80      0      0      0      0  13801   2872 
 19:51:15       0    525     71      -     92     80      0      0      0      0  13801   2872 
 19:51:16       0    523     71      -     91     80      0      0      0      0  13801   2872 
 19:51:17       0    522     71      -     91     80      0      0      0      0  13801   2872 
 19:51:18       0    520     71      -     91     80      0      0      0      0  13801   2872 
 19:51:19       0    519     71      -     90     78      0      0      0      0  13801   2872 
 19:51:20       0    513     71      -     92     80      0      0      0      0  13801   2872 
 19:51:21       0    519     71      -     90     78      0      0      0      0  13801   2872 
 19:51:22       0    518     71      -     91     79      0      0      0      0  13801   2872 
 19:51:23       0    134     63      -      0      0      0      0      0      0  13801   2910 
 19:51:24       0     95     61      -      1      0      0      0      0      0  13801   1635 
 19:51:25       0    347     69      -     90     78      0      0      0      0  13801   2872 
 19:51:26       0    513     70      -     89     77      0      0      0      0  13801   2872 
#Time         gpu    pwr  gtemp  mtemp     sm    mem    enc    dec    jpg    ofa   mclk   pclk 
#HH:MM:SS     Idx      W      C      C      %      %      %      %      %      %    MHz    MHz 
 19:51:27       0    514     70      -     92     80      0      0      0      0  13801   2872 
 19:51:28       0    517     70      -     90     79      0      0      0      0  13801   2872 
 19:51:29       0    519     70      -     91     80      0      0      0      0  13801   2872 
 19:51:30       0    521     70      -     91     80      0      0      0      0  13801   2872 
 19:51:31       0    520     70      -     89     78      0      0      0      0  13801   2872 
 19:51:32       0    519     70      -     91     79      0      0      0      0  13801   2872 
 19:51:33       0    520     71      -     91     80      0      0      0      0  13801   2872 
 19:51:34       0    521     71      -     92     80      0      0      0      0  13801   2872 
 19:51:35       0    520     70      -     92     80      0      0      0      0  13801   2872 
 19:51:36       0    520     71      -     92     81      0      0      0      0  13801   2872 
 19:51:37       0    521     71      -     92     80      0      0      0      0  13801   2872 
 19:51:38       0    523     71      -     92     80      0      0      0      0  13801   2872 
 19:51:39       0    521     71      -     92     81      0      0      0      0  13801   2872 
 19:51:40       0    517     70      -     91     79      0      0      0      0  13801   2872 
 19:51:41       0    517     71      -     91     79      0      0      0      0  13801   2872 
 19:51:42       0    517     71      -     92     81      0      0      0      0  13801   2872 
 19:51:43       0    518     71      -     91     80      0      0      0      0  13801   2872 
 19:51:44       0    516     71      -     93     81      0      0      0      0  13801   2872 
 19:51:45       0    518     70      -     92     80      0      0      0      0  13801   2872 
 19:51:46       0    518     71      -     92     80      0      0      0      0  13801   2872 
 19:51:47       0    516     70      -     92     81      0      0      0      0  13801   2872 
 19:51:49       0    519     71      -     92     80      0      0      0      0  13801   2872 
 19:51:50       0    516     70      -     92     80      0      0      0      0  13801   2872 
 19:51:51       0    516     70      -     92     79      0      0      0      0  13801   2872 
 19:51:52       0    518     71      -     91     79      0      0      0      0  13801   2872 
 19:51:53       0    516     70      -     92     80      0      0      0      0  13801   2872 
 19:51:54       0    515     70      -     92     79      0      0      0      0  13801   2872 
 19:51:55       0    515     71      -     92     80      0      0      0      0  13801   2872 
 19:51:56       0    518     71      -     92     80      0      0      0      0  13801   2872 
 19:51:57       0    515     71      -     93     81      0      0      0      0  13801   2872 
 19:51:58       0    516     71      -     90     78      0      0      0      0  13801   2872 
 19:51:59       0    513     71      -     91     79      0      0      0      0  13801   2872 
 19:52:00       0    163     63      -      0      0      0      0      0      0  13801   2910 
 19:52:01       0    104     62      -      0      0      0      0      0      0  13801   2917 
 19:52:02       0    297     69      -     90     77      0      0      0      0  13801   2872 
 19:52:03       0    514     69      -     91     78      0      0      0      0  13801   2872 
 19:52:04       0    513     70      -     91     79      0      0      0      0  13801   2872 
 19:52:05       0    516     70      -     90     79      0      0      0      0  13801   2872 
 19:52:06       0    523     70      -     92     82      0      0      0      0  13801   2872 
 19:52:07       0    523     70      -     92     81      0      0      0      0  13801   2872 
 19:52:08       0    523     70      -     89     78      0      0      0      0  13801   2872 
 19:52:09       0    522     70      -     90     80      0      0      0      0  13801   2872 
 19:52:10       0    522     71      -     92     82      0      0      0      0  13801   2872 
 19:52:11       0    520     70      -     92     80      0      0      0      0  13801   2872 
#Time         gpu    pwr  gtemp  mtemp     sm    mem    enc    dec    jpg    ofa   mclk   pclk 
#HH:MM:SS     Idx      W      C      C      %      %      %      %      %      %    MHz    MHz 
 19:52:12       0    520     70      -     92     81      0      0      0      0  13801   2872 
 19:52:13       0    518     71      -     92     80      0      0      0      0  13801   2872 
 19:52:14       0    521     71      -     92     80      0      0      0      0  13801   2872 
 19:52:15       0    521     71      -     91     80      0      0      0      0  13801   2872 
 19:52:16       0    522     70      -     92     80      0      0      0      0  13801   2872 
 19:52:17       0    520     71      -     92     81      0      0      0      0  13801   2872 
 19:52:18       0    522     70      -     91     80      0      0      0      0  13801   2872 
 19:52:19       0    522     71      -     91     80      0      0      0      0  13801   2872 
 19:52:20       0    523     71      -     91     80      0      0      0      0  13801   2872 
 19:52:21       0    520     71      -     92     81      0      0      0      0  13801   2872 
 19:52:22       0    520     71      -     92     80      0      0      0      0  13801   2872 
 19:52:23       0    517     71      -     89     78      0      0      0      0  13801   2872 
 19:52:24       0    520     71      -     91     80      0      0      0      0  13801   2872 
 19:52:25       0    521     71      -     92     80      0      0      0      0  13801   2872 
 19:52:26       0    519     71      -     92     80      0      0      0      0  13801   2872 
 19:52:27       0    519     71      -     91     80      0      0      0      0  13801   2872 
 19:52:28       0    520     71      -     91     79      0      0      0      0  13801   2872 
 19:52:29       0    520     71      -     92     80      0      0      0      0  13801   2872 
 19:52:30       0    521     71      -     92     80      0      0      0      0  13801   2872 
 19:52:31       0    519     71      -     92     81      0      0      0      0  13801   2872 
 19:52:32       0    521     71      -     92     80      0      0      0      0  13801   2872 
 19:52:33       0    519     71      -     92     80      0      0      0      0  13801   2872 
 19:52:34       0    518     71      -     92     79      0      0      0      0  13801   2872 
 19:52:35       0    507     69      -     62     54      0      0      0      0  13801   2872 
 19:52:36       0    134     63      -      0      0      0      0      0      0  13801   2910 
 19:52:37       0     94     61      -      1      0      0      0      0      0   7001   1545 
 19:52:38       0    365     69      -     90     78      0      0      0      0  13801   2872 
 19:52:39       0    515     70      -     90     78      0      0      0      0  13801   2872 
 19:52:40       0    516     70      -     91     80      0      0      0      0  13801   2872 
 19:52:41       0    516     70      -     91     79      0      0      0      0  13801   2872 
 19:52:42       0    517     70      -     91     80      0      0      0      0  13801   2872 
 19:52:43       0    516     70      -     91     80      0      0      0      0  13801   2872 
 19:52:44       0    516     70      -     89     77      0      0      0      0  13801   2872 
 19:52:45       0    518     70      -     90     79      0      0      0      0  13801   2872 
 19:52:46       0    518     70      -     92     80      0      0      0      0  13801   2872 
 19:52:47       0    519     70      -     91     80      0      0      0      0  13801   2872 
 19:52:48       0    519     71      -     90     79      0      0      0      0  13801   2872 
 19:52:49       0    518     70      -     91     79      0      0      0      0  13801   2872 
 19:52:50       0    516     70      -     91     79      0      0      0      0  13801   2872 
 19:52:51       0    519     71      -     92     81      0      0      0      0  13801   2872 
 19:52:52       0    517     71      -     92     81      0      0      0      0  13801   2872 
 19:52:53       0    518     70      -     92     81      0      0      0      0  13801   2872 
 19:52:55       0    516     71      -     91     79      0      0      0      0  13801   2872 
 19:52:56       0    517     71      -     93     81      0      0      0      0  13801   2872 
#Time         gpu    pwr  gtemp  mtemp     sm    mem    enc    dec    jpg    ofa   mclk   pclk 
#HH:MM:SS     Idx      W      C      C      %      %      %      %      %      %    MHz    MHz 
 19:52:57       0    517     70      -     91     80      0      0      0      0  13801   2872 
 19:52:58       0    518     71      -     91     80      0      0      0      0  13801   2872 
 19:52:59       0    517     71      -     92     81      0      0      0      0  13801   2872 
 19:53:00       0    519     70      -     91     80      0      0      0      0  13801   2872 
 19:53:01       0    518     71      -     92     80      0      0      0      0  13801   2872 
 19:53:02       0    514     71      -     91     79      0      0      0      0  13801   2872 
 19:53:03       0    514     71      -     92     80      0      0      0      0  13801   2872 
 19:53:04       0    513     71      -     93     80      0      0      0      0  13801   2872 
 19:53:05       0    515     71      -     92     80      0      0      0      0  13801   2872 
 19:53:06       0    517     71      -     92     80      0      0      0      0  13801   2872 
 19:53:07       0    515     71      -     91     79      0      0      0      0  13801   2872 
 19:53:08       0    515     71      -     91     79      0      0      0      0  13801   2872 
 19:53:09       0    516     71      -     91     79      0      0      0      0  13801   2872 
 19:53:10       0    517     71      -     92     80      0      0      0      0  13801   2872 
 19:53:11       0    517     71      -     92     80      0      0      0      0  13801   2872 
 19:53:12       0    514     71      -     92     80      0      0      0      0  13801   2872 
 19:53:13       0    204     63      -      0      0      0      0      0      0  13801   2910 
 19:53:14       0    105     62      -      0      0      0      0      0      0  13801   2910 
 19:53:15       0    276     69      -     92     79      0      0      0      0  13801   2865 
 19:53:16       0    515     70      -     91     79      0      0      0      0  13801   2872 
 19:53:17       0    514     70      -     91     79      0      0      0      0  13801   2872 
 19:53:18       0    516     70      -     91     79      0      0      0      0  13801   2872 
 19:53:19       0    515     70      -     91     79      0      0      0      0  13801   2872 
 19:53:20       0    515     70      -     88     77      0      0      0      0  13801   2872 
 19:53:21       0    519     70      -     91     80      0      0      0      0  13801   2872 
 19:53:22       0    517     71      -     91     79      0      0      0      0  13801   2872 
 19:53:23       0    519     71      -     91     79      0      0      0      0  13801   2872 
 19:53:24       0    518     71      -     91     80      0      0      0      0  13801   2872 
 19:53:25       0    517     70      -     88     78      0      0      0      0  13801   2872 
 19:53:26       0    525     71      -     91     80      0      0      0      0  13801   2872 
 19:53:27       0    525     71      -     92     81      0      0      0      0  13801   2872 
 19:53:28       0    526     71      -     91     80      0      0      0      0  13801   2872 
 19:53:29       0    527     71      -     91     82      0      0      0      0  13801   2872 
 19:53:30       0    526     71      -     90     80      0      0      0      0  13801   2872 
 19:53:31       0    527     71      -     91     81      0      0      0      0  13801   2872 
 19:53:32       0    528     71      -     93     83      0      0      0      0  13801   2872 
 19:53:33       0    525     71      -     90     79      0      0      0      0  13801   2872 
 19:53:34       0    518     71      -     92     80      0      0      0      0  13801   2872 
 19:53:35       0    519     71      -     91     80      0      0      0      0  13801   2872 
 19:53:36       0    516     71      -     92     80      0      0      0      0  13801   2872 
 19:53:37       0    515     71      -     90     79      0      0      0      0  13801   2872 
 19:53:38       0    513     71      -     91     79      0      0      0      0  13801   2872 
 19:53:39       0    516     71      -     91     81      0      0      0      0  13801   2872 
 19:53:40       0    520     71      -     92     81      0      0      0      0  13801   2872 
#Time         gpu    pwr  gtemp  mtemp     sm    mem    enc    dec    jpg    ofa   mclk   pclk 
#HH:MM:SS     Idx      W      C      C      %      %      %      %      %      %    MHz    MHz 
 19:53:41       0    523     71      -     92     81      0      0      0      0  13801   2872 
 19:53:42       0    521     71      -     92     81      0      0      0      0  13801   2872 
 19:53:43       0    520     71      -     93     81      0      0      0      0  13801   2872 
 19:53:44       0    519     71      -     91     80      0      0      0      0  13801   2872 
 19:53:45       0    521     71      -     92     80      0      0      0      0  13801   2872 
 19:53:46       0    520     71      -     91     80      0      0      0      0  13801   2872 
 19:53:47       0    516     71      -     92     80      0      0      0      0  13801   2872 
 19:53:48       0    390     64      -      0      0      0      0      0      0  13801   2910 
 19:53:49       0    106     63      -      0      0      0      0      0      0  13801   2910 
 19:53:50       0    106     66      -     57     49      0      0      0      0  13801   1065 
 19:53:51       0    496     70      -     91     79      0      0      0      0  13801   2872 
 19:53:52       0    514     70      -     91     78      0      0      0      0  13801   2872 
 19:53:53       0    515     70      -     93     81      0      0      0      0  13801   2872 
 19:53:54       0    517     70      -     91     79      0      0      0      0  13801   2872 
 19:53:55       0    516     71      -     91     79      0      0      0      0  13801   2872 
 19:53:56       0    516     71      -     92     80      0      0      0      0  13801   2872 
 19:53:57       0    515     70      -     92     80      0      0      0      0  13801   2872 
 19:53:58       0    519     71      -     91     79      0      0      0      0  13801   2872 
 19:53:59       0    520     71      -     92     80      0      0      0      0  13801   2872 
 19:54:00       0    520     71      -     91     80      0      0      0      0  13801   2872 
 19:54:01       0    519     71      -     92     81      0      0      0      0  13801   2872 
 19:54:02       0    518     71      -     92     81      0      0      0      0  13801   2872 
 19:54:03       0    520     71      -     92     80      0      0      0      0  13801   2872 
 19:54:05       0    517     71      -     92     80      0      0      0      0  13801   2872 
 19:54:06       0    519     71      -     92     81      0      0      0      0  13801   2872 
 19:54:07       0    519     71      -     91     80      0      0      0      0  13801   2872 
 19:54:08       0    519     71      -     90     79      0      0      0      0  13801   2872 
 19:54:09       0    524     71      -     90     80      0      0      0      0  13801   2872 
 19:54:10       0    526     71      -     92     81      0      0      0      0  13801   2872 
 19:54:11       0    521     71      -     91     80      0      0      0      0  13801   2872 
 19:54:12       0    522     71      -     92     81      0      0      0      0  13801   2872 
 19:54:13       0    520     71      -     92     81      0      0      0      0  13801   2872 
 19:54:14       0    521     71      -     92     81      0      0      0      0  13801   2872 
 19:54:15       0    519     71      -     92     80      0      0      0      0  13801   2872 
 19:54:16       0    521     71      -     91     80      0      0      0      0  13801   2872 
 19:54:17       0    515     71      -     91     80      0      0      0      0  13801   2872 
 19:54:18       0    515     71      -     90     79      0      0      0      0  13801   2872 
 19:54:19       0    519     71      -     91     80      0      0      0      0  13801   2872 
 19:54:20       0    518     71      -     93     81      0      0      0      0  13801   2872 
 19:54:21       0    520     71      -     92     81      0      0      0      0  13801   2872 
 19:54:22       0    519     71      -     92     80      0      0      0      0  13801   2872 
 19:54:23       0    523     71      -     93     80      0      0      0      0  13801   2872 
 19:54:24       0    517     71      -     92     80      0      0      0      0  13801   2872 
 19:54:25       0    399     65      -      1      0      0      0      0      0  13801   2910 
#Time         gpu    pwr  gtemp  mtemp     sm    mem    enc    dec    jpg    ofa   mclk   pclk 
#HH:MM:SS     Idx      W      C      C      %      %      %      %      %      %    MHz    MHz 
 19:54:26       0    106     63      -      1      0      0      0      0      0  13801   2910 
 19:54:27       0     89     61      -     17     14      0      0      0      0  13801    892 
 19:54:28       0    514     70      -     92     78      0      0      0      0  13801   2872 
 19:54:29       0    517     70      -     90     77      0      0      0      0  13801   2872 
 19:54:30       0    515     70      -     91     79      0      0      0      0  13801   2872 
 19:54:31       0    518     71      -     91     79      0      0      0      0  13801   2872 
 19:54:32       0    518     71      -     90     78      0      0      0      0  13801   2872 
 19:54:33       0    520     71      -     91     79      0      0      0      0  13801   2872 
 19:54:34       0    518     70      -     91     79      0      0      0      0  13801   2872 
 19:54:35       0    518     71      -     91     79      0      0      0      0  13801   2872 
 19:54:36       0    520     71      -     91     80      0      0      0      0  13801   2872 
 19:54:37       0    521     71      -     91     80      0      0      0      0  13801   2872 
 19:54:38       0    520     71      -     92     80      0      0      0      0  13801   2872 
 19:54:39       0    521     71      -     92     80      0      0      0      0  13801   2872 
 19:54:40       0    522     71      -     92     81      0      0      0      0  13801   2872 
 19:54:41       0    524     71      -     92     81      0      0      0      0  13801   2872 
 19:54:42       0    523     71      -     92     81      0      0      0      0  13801   2872 
 19:54:43       0    519     71      -     91     80      0      0      0      0  13801   2872 
 19:54:44       0    520     71      -     90     78      0      0      0      0  13801   2872 
 19:54:45       0    518     71      -     92     80      0      0      0      0  13801   2872 
 19:54:46       0    521     71      -     92     81      0      0      0      0  13801   2872 
 19:54:47       0    518     71      -     92     80      0      0      0      0  13801   2872 
 19:54:48       0    520     71      -     92     80      0      0      0      0  13801   2872 
 19:54:49       0    527     71      -     92     82      0      0      0      0  13801   2872 
 19:54:50       0    526     71      -     91     80      0      0      0      0  13801   2872 
 19:54:51       0    523     71      -     91     81      0      0      0      0  13801   2872 
 19:54:52       0    521     71      -     91     80      0      0      0      0  13801   2872 
 19:54:53       0    522     71      -     91     79      0      0      0      0  13801   2872 
 19:54:54       0    520     71      -     92     80      0      0      0      0  13801   2872 
 19:54:55       0    521     71      -     92     81      0      0      0      0  13801   2872 
 19:54:56       0    521     71      -     92     81      0      0      0      0  13801   2872 
 19:54:57       0    522     71      -     91     80      0      0      0      0  13801   2872 
 19:54:58       0    522     72      -     91     80      0      0      0      0  13801   2872 
 19:54:59       0    520     71      -     93     81      0      0      0      0  13801   2872 
 19:55:00       0    518     71      -     91     79      0      0      0      0  13801   2872 
 19:55:01       0    385     64      -      0      0      0      0      0      0  13801   2910 
 19:55:02       0    105     63      -      0      0      0      0      0      0  13801   2910 
 19:55:03       0    108     67      -     64     55      0      0      0      0  13801   1027 
 19:55:04       0    501     70      -     91     79      0      0      0      0  13801   2872 
 19:55:05       0    520     70      -     90     79      0      0      0      0  13801   2872 
 19:55:06       0    517     70      -     91     79      0      0      0      0  13801   2872 
 19:55:07       0    522     71      -     91     80      0      0      0      0  13801   2872 
 19:55:08       0    523     71      -     92     80      0      0      0      0  13801   2872 
 19:55:09       0    529     71      -     89     79      0      0      0      0  13801   2872 
#Time         gpu    pwr  gtemp  mtemp     sm    mem    enc    dec    jpg    ofa   mclk   pclk 
#HH:MM:SS     Idx      W      C      C      %      %      %      %      %      %    MHz    MHz 
 19:55:10       0    528     71      -     91     81      0      0      0      0  13801   2872 
 19:55:11       0    530     71      -     91     81      0      0      0      0  13801   2872 
 19:55:12       0    530     71      -     91     81      0      0      0      0  13801   2872 
 19:55:13       0    529     71      -     92     81      0      0      0      0  13801   2872 
 19:55:14       0    528     71      -     91     82      0      0      0      0  13801   2872 
 19:55:15       0    528     71      -     91     81      0      0      0      0  13801   2872 
 19:55:17       0    529     71      -     91     82      0      0      0      0  13801   2872 
 19:55:18       0    531     71      -     92     82      0      0      0      0  13801   2872 
 19:55:19       0    527     71      -     91     81      0      0      0      0  13801   2872 
 19:55:20       0    530     71      -     92     82      0      0      0      0  13801   2872 
 19:55:21       0    529     71      -     92     82      0      0      0      0  13801   2872 
 19:55:22       0    528     71      -     91     80      0      0      0      0  13801   2872 
 19:55:23       0    525     71      -     91     81      0      0      0      0  13801   2872 
 19:55:24       0    529     71      -     91     81      0      0      0      0  13801   2872 
 19:55:25       0    528     71      -     92     81      0      0      0      0  13801   2872 
 19:55:26       0    527     71      -     91     81      0      0      0      0  13801   2872 
 19:55:27       0    522     71      -     90     80      0      0      0      0  13801   2872 
 19:55:28       0    525     71      -     91     81      0      0      0      0  13801   2872 
 19:55:29       0    529     72      -     92     82      0      0      0      0  13801   2872 
 19:55:30       0    527     72      -     91     81      0      0      0      0  13801   2872 
 19:55:31       0    521     71      -     90     78      0      0      0      0  13801   2872 
 19:55:32       0    525     72      -     90     80      0      0      0      0  13801   2872 
 19:55:33       0    526     71      -     91     81      0      0      0      0  13801   2872 
 19:55:34       0    527     72      -     91     81      0      0      0      0  13801   2872 
 19:55:35       0    529     72      -     91     81      0      0      0      0  13801   2872 
 19:55:36       0    524     72      -     91     80      0      0      0      0  13801   2872 
 19:55:37       0    279     64      -      0      0      0      0      0      0  13801   2910 
 19:55:38       0    106     63      -      0      0      0      0      0      0  13801   2910 
 19:55:39       0    205     69      -     90     80      0      0      0      0  13801   2842 
 19:55:40       0    525     70      -     92     81      0      0      0      0  13801   2872 
 19:55:41       0    526     70      -     87     77      0      0      0      0  13801   2872 
 19:55:42       0    528     70      -     92     82      0      0      0      0  13801   2872 
 19:55:43       0    525     71      -     92     82      0      0      0      0  13801   2872 
 19:55:44       0    529     71      -     91     81      0      0      0      0  13801   2872 
 19:55:45       0    531     71      -     91     82      0      0      0      0  13801   2872 
 19:55:46       0    528     71      -     91     81      0      0      0      0  13801   2872 
 19:55:47       0    528     71      -     91     78      0      0      0      0  13801   2872 
 19:55:48       0    526     71      -     92     81      0      0      0      0  13801   2872 
 19:55:49       0    530     71      -     91     81      0      0      0      0  13801   2872 
 19:55:50       0    529     71      -     92     83      0      0      0      0  13801   2872 
 19:55:51       0    531     71      -     92     82      0      0      0      0  13801   2872 
 19:55:52       0    530     71      -     92     82      0      0      0      0  13801   2872 
 19:55:53       0    527     71      -     91     81      0      0      0      0  13801   2872 
 19:55:54       0    528     71      -     89     80      0      0      0      0  13801   2872 
#Time         gpu    pwr  gtemp  mtemp     sm    mem    enc    dec    jpg    ofa   mclk   pclk 
#HH:MM:SS     Idx      W      C      C      %      %      %      %      %      %    MHz    MHz 
 19:55:55       0    527     71      -     91     81      0      0      0      0  13801   2872 
 19:55:56       0    523     71      -     91     81      0      0      0      0  13801   2872 
 19:55:57       0    527     71      -     90     81      0      0      0      0  13801   2872 
 19:55:58       0    525     71      -     92     82      0      0      0      0  13801   2872 
 19:55:59       0    529     71      -     91     81      0      0      0      0  13801   2872 
 19:56:00       0    528     71      -     91     81      0      0      0      0  13801   2872 
 19:56:01       0    529     71      -     92     82      0      0      0      0  13801   2872 
 19:56:02       0    529     71      -     92     82      0      0      0      0  13801   2872 
 19:56:03       0    528     71      -     91     81      0      0      0      0  13801   2872 
 19:56:04       0    526     71      -     92     82      0      0      0      0  13801   2872 
 19:56:05       0    528     71      -     90     80      0      0      0      0  13801   2872 
 19:56:06       0    530     72      -     92     81      0      0      0      0  13801   2872 
 19:56:07       0    526     71      -     92     82      0      0      0      0  13801   2872 
 19:56:08       0    527     71      -     92     81      0      0      0      0  13801   2872 
 19:56:09       0    519     71      -     90     79      0      0      0      0  13801   2872 
 19:56:10       0    518     71      -     90     80      0      0      0      0  13801   2872 
 19:56:11       0    513     71      -     92     82      0      0      0      0  13801   2872 
 19:56:12       0    370     64      -      5      1      0      0      0      0  13801   2902 
 19:56:14       0    114     63      -      3      0      0      0      0      0  13801   2902 
 19:56:15       0    109     62      -      5      0      0      0      0      0  13801   2902 
 19:56:16       0     99     61      -      4      0      0      0      0      0  13801   2475 
 19:56:17       0     75     60      -      4      0      0      0      0      0  13801   2452 
 19:56:18       0     74     60      -      4      0      0      0      0      0  13801   2460 
 19:56:19       0     74     59      -      4      0      0      0      0      0  13801   2452 
 19:56:20       0     69     58      -      5      0      0      0      0      0   7001   1365 
 19:56:21       0     48     57      -     13      3      0      0      0      0    810    772 
 19:56:22       0     41     57      -     14      3      0      0      0      0    810    765 
 19:56:23       0     31     56      -     24      7      0      0      0      0    405    712 
 19:56:24       0     31     56      -     25      7      0      0      0      0    405    592 
 19:56:26       0     31     56      -     24      6      0      0      0      0    405    562 
 19:56:27       0     30     55      -     24      6      0      0      0      0    405    502 
 19:56:28       0     29     55      -     23      7      0      0      0      0    405    532 
 19:56:29       0     30     54      -     25      8      0      0      0      0    405    562 
 19:56:30       0     30     54      -     24      6      0      0      0      0    405    555 
 19:56:31       0     30     54      -     24      6      0      0      0      0    405    585 
 19:56:32       0     30     53      -     25      7      0      0      0      0    405    765 
 19:56:33       0     31     53      -     23      6      0      0      0      0    405    735 
 19:56:34       0     31     53      -     24      7      0      0      0      0    405    697 
 19:56:35       0     31     53      -     24      6      0      0      0      0    405    742 
 19:56:36       0     31     53      -     24      6      0      0      0      0    405    750 
 19:56:37       0     32     52      -     24      7      0      0      0      0    405    772 
 19:56:38       0     33     52      -     23      7      0      0      0      0    405    990 
 19:56:39       0     36     52      -     22      7      0      0      0      0    405   1237 
 19:56:40       0     31     52      -     15      5      0      0      0      0    405    645 
#Time         gpu    pwr  gtemp  mtemp     sm    mem    enc    dec    jpg    ofa   mclk   pclk 
#HH:MM:SS     Idx      W      C      C      %      %      %      %      %      %    MHz    MHz 
 19:56:41       0     27     51      -     16      5      0      0      0      0    405    585 
 19:56:42       0     27     51      -     15      6      0      0      0      0    405    600 
 19:56:43       0    245     64      -     95     34      0      0      0      0  13801   2745 
 19:56:44       0    499     61      -     89     79      0      0      0      0  13801   2887 
 19:56:45       0    491     61      -     91     81      0      0      0      0  13801   2887 
 19:56:46       0    497     62      -     90     80      0      0      0      0  13801   2887 
 19:56:47       0    497     63      -     91     81      0      0      0      0  13801   2887 
 19:56:48       0    506     63      -     89     79      0      0      0      0  13801   2872 
 19:56:49       0    504     63      -     91     81      0      0      0      0  13801   2872 
 19:56:50       0    503     63      -     90     81      0      0      0      0  13801   2872 
 19:56:51       0    506     63      -     91     82      0      0      0      0  13801   2872 
 19:56:52       0    502     63      -     91     81      0      0      0      0  13801   2872 
 19:56:53       0    502     64      -     89     79      0      0      0      0  13801   2872 
 19:56:54       0    502     64      -     90     80      0      0      0      0  13801   2872 
 19:56:55       0    500     64      -     91     81      0      0      0      0  13801   2872 
 19:56:56       0    504     65      -     91     81      0      0      0      0  13801   2872 
 19:56:57       0    502     65      -     89     79      0      0      0      0  13801   2872 
 19:56:58       0    503     65      -     90     79      0      0      0      0  13801   2872 
 19:56:59       0    500     65      -     89     78      0      0      0      0  13801   2872 
 19:57:00       0    500     65      -     88     78      0      0      0      0  13801   2872 
 19:57:01       0    500     65      -     90     79      0      0      0      0  13801   2872 
 19:57:02       0    501     66      -     91     80      0      0      0      0  13801   2872 
 19:57:03       0    503     66      -     91     80      0      0      0      0  13801   2872 
 19:57:04       0    500     66      -     90     79      0      0      0      0  13801   2872 
 19:57:06       0    502     66      -     91     81      0      0      0      0  13801   2872 
 19:57:07       0    504     67      -     91     81      0      0      0      0  13801   2872 
 19:57:08       0    504     67      -     90     80      0      0      0      0  13801   2872 
 19:57:09       0    523     71      -     95     34      0      0      0      0  13801   2782 
 19:57:10       0    529     67      -     93     82      0      0      0      0  13801   2872 
 19:57:11       0    505     68      -     92     82      0      0      0      0  13801   2872 
 19:57:12       0    511     68      -     90     81      0      0      0      0  13801   2872 
 19:57:13       0    510     67      -     89     79      0      0      0      0  13801   2872 
 19:57:14       0    513     68      -     90     81      0      0      0      0  13801   2872 
 19:57:15       0    504     68      -     88     78      0      0      0      0  13801   2872 
 19:57:16       0    508     68      -     90     80      0      0      0      0  13801   2872 
 19:57:17       0    508     68      -     90     80      0      0      0      0  13801   2872 
 19:57:18       0    506     68      -     88     78      0      0      0      0  13801   2872 
 19:57:19       0    505     69      -     90     80      0      0      0      0  13801   2872 
 19:57:20       0    509     69      -     91     81      0      0      0      0  13801   2872 
 19:57:21       0    511     68      -     91     80      0      0      0      0  13801   2872 
 19:57:22       0    511     69      -     91     81      0      0      0      0  13801   2872 
 19:57:23       0    511     69      -     92     82      0      0      0      0  13801   2872 
 19:57:24       0    512     69      -     91     81      0      0      0      0  13801   2872 
 19:57:25       0    512     69      -     91     81      0      0      0      0  13801   2872 
#Time         gpu    pwr  gtemp  mtemp     sm    mem    enc    dec    jpg    ofa   mclk   pclk 
#HH:MM:SS     Idx      W      C      C      %      %      %      %      %      %    MHz    MHz 
 19:57:26       0    511     69      -     92     83      0      0      0      0  13801   2872 
 19:57:27       0    514     70      -     91     81      0      0      0      0  13801   2872 
 19:57:28       0    514     69      -     92     83      0      0      0      0  13801   2872 
 19:57:29       0    513     70      -     90     81      0      0      0      0  13801   2872 
 19:57:30       0    512     70      -     89     79      0      0      0      0  13801   2872 
 19:57:31       0    509     69      -     90     80      0      0      0      0  13801   2872 
 19:57:32       0    512     70      -     91     81      0      0      0      0  13801   2872 
 19:57:33       0    511     70      -     92     82      0      0      0      0  13801   2872 
 19:57:34       0    512     70      -     91     81      0      0      0      0  13801   2872 
 19:57:35       0    514     70      -     90     81      0      0      0      0  13801   2872 
 19:57:36       0    513     70      -     91     81      0      0      0      0  13801   2872 
 19:57:37       0    525     74      -     96     34      0      0      0      0  13801   2820 
 19:57:38       0    529     70      -     90     80      0      0      0      0  13801   2872 
 19:57:39       0    496     70      -     87     76      0      0      0      0  13801   2872 
 19:57:40       0    492     70      -     85     75      0      0      0      0  13801   2872 
 19:57:41       0    486     70      -     86     76      0      0      0      0  13801   2872 
 19:57:42       0    485     70      -     85     75      0      0      0      0  13801   2872 
 19:57:43       0    499     70      -     91     81      0      0      0      0  13801   2872 
 19:57:44       0    513     70      -     90     80      0      0      0      0  13801   2872 
 19:57:45       0    515     71      -     91     81      0      0      0      0  13801   2872 
 19:57:46       0    514     71      -     91     80      0      0      0      0  13801   2872 
 19:57:47       0    514     71      -     91     81      0      0      0      0  13801   2872 
 19:57:48       0    514     71      -     91     81      0      0      0      0  13801   2872 
 19:57:49       0    515     71      -     91     81      0      0      0      0  13801   2872 
 19:57:50       0    512     71      -     88     78      0      0      0      0  13801   2872 
 19:57:51       0    514     71      -     92     83      0      0      0      0  13801   2872 
 19:57:52       0    520     71      -     92     82      0      0      0      0  13801   2872 
 19:57:53       0    518     71      -     90     80      0      0      0      0  13801   2872 
 19:57:54       0    514     71      -     89     77      0      0      0      0  13801   2872 
 19:57:55       0    515     70      -     90     81      0      0      0      0  13801   2872 
 19:57:56       0    525     70      -     90     82      0      0      0      0  13801   2872 
 19:57:57       0    525     71      -     91     82      0      0      0      0  13801   2872 
 19:57:58       0    527     71      -     91     83      0      0      0      0  13801   2872 
 19:57:59       0    517     71      -     90     78      0      0      0      0  13801   2872 
 19:58:00       0    508     71      -     90     78      0      0      0      0  13801   2872 
 19:58:01       0    508     71      -     91     81      0      0      0      0  13801   2872 
 19:58:02       0    515     71      -     91     81      0      0      0      0  13801   2872 
 19:58:03       0    547     71      -     89     79      0      0      0      0  13801   2872 
 19:58:04       0    513     71      -     91     80      0      0      0      0  13801   2872 
 19:58:05       0    514     71      -     89     79      0      0      0      0  13801   2872 
 19:58:06       0    515     71      -     91     81      0      0      0      0  13801   2872 
 19:58:07       0    510     71      -     92     82      0      0      0      0  13801   2872 
 19:58:08       0    525     71      -     91     83      0      0      0      0  13801   2872 
 19:58:09       0    525     71      -     91     82      0      0      0      0  13801   2872 
#Time         gpu    pwr  gtemp  mtemp     sm    mem    enc    dec    jpg    ofa   mclk   pclk 
#HH:MM:SS     Idx      W      C      C      %      %      %      %      %      %    MHz    MHz 
 19:58:10       0    524     71      -     91     82      0      0      0      0  13801   2872 
 19:58:11       0    523     71      -     89     81      0      0      0      0  13801   2872 
 19:58:12       0    524     71      -     89     81      0      0      0      0  13801   2872 
 19:58:13       0    511     71      -     90     80      0      0      0      0  13801   2872 
 19:58:14       0    514     71      -     90     80      0      0      0      0  13801   2872 
 19:58:15       0    520     71      -     91     81      0      0      0      0  13801   2872 
 19:58:16       0    520     71      -     92     82      0      0      0      0  13801   2872 
 19:58:17       0    523     71      -     91     83      0      0      0      0  13801   2872 
 19:58:18       0    522     72      -     91     82      0      0      0      0  13801   2872 
 19:58:20       0    525     72      -     91     82      0      0      0      0  13801   2872 
 19:58:21       0    523     72      -     91     82      0      0      0      0  13801   2872 
 19:58:22       0    516     71      -     90     81      0      0      0      0  13801   2872 
 19:58:23       0    514     71      -     91     81      0      0      0      0  13801   2872 
 19:58:24       0    516     72      -     91     81      0      0      0      0  13801   2872 
